function topH(nelx,nely,volfrac,penal,rmin,ft, bulk_m, shear_m)
%% MATERIAL PROPERTIES
E0 = 1;
Emin = 1e-9;
nu = 0.3;
%% PREPARE FINITE ELEMENT ANALYSIS
%A11 = [12  3 -6 -3;  3 12  3  0; -6  3 12 -3; -3  0 -3 12];
%A12 = [-6 -3  0  3; -3 -6 -3 -6;  0 -3 -6  3;  3 -6  3 -6];
%B11 = [-4  3 -2  9;  3 -4 -9  4; -2 -9 -4 -3;  9  4 -3 -4];
%B12 = [ 2 -3  4 -9; -3  2  9 -2;  4  9  2  3; -9 -2  3  2];
%KE = 1/(1-nu^2)/24*([A11 A12;A12' A11]+nu*[B11 B12;B12' B11]);

% MATLAB - SQUARE -WORKS
%KE = [0.494505494505495 0.178571428571429 -0.302197802197802 -0.0137362637362637 -0.247252747252747 -0.178571428571429 0.0549450549450549 0.0137362637362637;
%      0.178571428571429 0.494505494505495 0.0137362637362637 0.0549450549450549 -0.178571428571429 -0.247252747252747 -0.0137362637362637 -0.302197802197802;
%     -0.302197802197802 0.0137362637362637 0.494505494505495 -0.178571428571429 0.0549450549450549 -0.0137362637362637 -0.247252747252747 0.178571428571429;
%     -0.0137362637362637 0.0549450549450549 -0.178571428571429 0.494505494505495 0.0137362637362637 -0.302197802197802 0.178571428571429 -0.247252747252747;
%     -0.247252747252747 -0.178571428571429 0.0549450549450549 0.0137362637362637 0.494505494505495 0.178571428571429 -0.302197802197802 -0.0137362637362637;
%     -0.178571428571429 -0.247252747252747 -0.0137362637362637 -0.302197802197802 0.178571428571429 0.494505494505495 0.0137362637362637 0.0549450549450549;
%     0.0549450549450549 -0.0137362637362637 -0.247252747252747 0.178571428571429 -0.302197802197802 0.0137362637362637 0.494505494505495 -0.178571428571429;
%     0.0137362637362637 -0.302197802197802 0.178571428571429 -0.247252747252747 -0.0137362637362637 0.0549450549450549 -0.178571428571429 0.494505494505495];


% MATCAD -HIGH PREC-SQUARE-WORKS
%KE = [0.494505495	0.178571429	-0.302197802	-0.013736264	-0.247252747	-0.178571429	0.054945055	0.013736264;
%0.178571429	0.494505495	0.013736264	0.054945055	-0.178571429	-0.247252747	-0.013736264	-0.302197802;
%-0.302197802	0.013736264	0.494505495	-0.178571429	0.054945055	-0.013736264	-0.247252747	0.178571429;
%-0.013736264	0.054945055	-0.178571429	0.494505495	0.013736264	-0.302197802	0.178571429	-0.247252747;
%-0.247252747	-0.178571429	0.054945055	0.013736264	0.494505495	0.178571429	-0.302197802	-0.013736264;
%-0.178571429	-0.247252747	-0.013736264	-0.302197802	0.178571429	0.494505495	0.013736264	0.054945055;
%0.054945055	-0.013736264	-0.247252747	0.178571429	-0.302197802	0.013736264	0.494505495	-0.178571429;
%0.013736264	-0.302197802	0.178571429	-0.247252747	-0.013736264	0.054945055	-0.178571429	0.494505495];

% MATCAD _SKEWED1
KE = [0.391244688	0.05952381	-0.28021579	0.105311355	-0.140107895	-0.119047619	0.029078997	-0.045787546;
0.05952381	0.322512513	0.132783883	-0.00528709	-0.119047619	-0.002643545	-0.073260073	-0.314581877;
-0.28021579	0.132783883	0.613302484	-0.297619048	0.029078997	-0.073260073	-0.362165691	0.238095238;
0.105311355	-0.00528709	-0.297619048	0.956963358	-0.045787546	-0.314581877	0.238095238	-0.63709439;
-0.140107895	-0.119047619	0.029078997	-0.045787546	0.391244688	0.05952381	-0.28021579	0.105311355;
-0.119047619	-0.002643545	-0.073260073	-0.314581877	0.05952381	0.322512513	0.132783883	-0.00528709;
0.029078997	-0.073260073	-0.362165691	0.238095238	-0.28021579	0.132783883	0.613302484	-0.297619048;
-0.045787546	-0.314581877	0.238095238	-0.63709439	0.105311355	-0.00528709	-0.297619048	0.956963358;];


% MATCAD SKEWED3 works somehow 
%KE = [0.613302484	0.297619048	-0.28021579	-0.132783883	-0.362165691	-0.238095238	0.029078997	0.073260073;
%0.297619048	0.956963358	-0.105311355	-0.00528709	-0.238095238	-0.63709439	0.045787546	-0.314581877;
%-0.28021579	-0.105311355	0.391244688	-0.05952381	0.029078997	0.045787546	-0.140107895	0.119047619;
%-0.132783883	-0.00528709	-0.05952381	0.322512513	0.073260073	-0.314581877	0.119047619	-0.002643545;
%-0.362165691	-0.238095238	0.029078997	0.073260073	0.613302484	0.297619048	-0.28021579	-0.132783883;
%-0.238095238	-0.63709439	0.045787546	-0.314581877	0.297619048	0.956963358	-0.105311355	-0.00528709;
%0.029078997	0.045787546	-0.140107895	0.119047619	-0.28021579	-0.105311355	0.391244688	-0.05952381;
%0.073260073	-0.314581877	0.119047619	-0.002643545	-0.132783883	-0.00528709	-0.05952381	0.322512513;]


nodenrs = reshape(1:(1+nelx)*(1+nely),1+nely,1+nelx);
edofVec = reshape(2*nodenrs(1:end-1,1:end-1)+1,nelx*nely,1);
edofMat = repmat(edofVec,1,8)+repmat([0 1 2*nely+[2 3 0 1] -2 -1],nelx*nely,1);
iK = reshape(kron(edofMat,ones(8,1))',64*nelx*nely,1);
jK = reshape(kron(edofMat,ones(1,8))',64*nelx*nely,1);
%% PREPARE FILTER
iH = ones(nelx*nely*(2*(ceil(rmin)-1)+1)^2,1);
jH = ones(size(iH));
sH = zeros(size(iH));
k = 0;
for i1 = 1:nelx
  for j1 = 1:nely
    e1 = (i1-1)*nely+j1;
    for i2 = max(i1-(ceil(rmin)-1),1):min(i1+(ceil(rmin)-1),nelx)
      for j2 = max(j1-(ceil(rmin)-1),1):min(j1+(ceil(rmin)-1),nely)
        e2 = (i2-1)*nely+j2;
        k = k+1;
        iH(k) = e1;
        jH(k) = e2;
        sH(k) = max(0,rmin-sqrt((i1-i2)^2+(j1-j2)^2));
      end
    end
  end
end
H = sparse(iH,jH,sH);
Hs = sum(H,2);
%% PERIODIC BOUNDARY CONDITIONS
e0 = eye(3);
ufixed = zeros(8,3);
U = zeros(2*(nely+1)*(nelx+1),3);
alldofs = (1:2*(nely+1)*(nelx+1));
n1 = [nodenrs(end,[1,end]),nodenrs(1,[end,1])];
d1 = reshape([(2*n1-1);2*n1],1,8);
n3 = [nodenrs(2:end-1,1)',nodenrs(end,2:end-1)];
d3 = reshape([(2*n3-1);2*n3],1,2*(nelx+nely-2));
n4 = [nodenrs(2:end-1,end)',nodenrs(1,2:end-1)];
d4 = reshape([(2*n4-1);2*n4],1,2*(nelx+nely-2));
d2 = setdiff(alldofs,[d1,d3,d4]);
cc = sqrt(3.)/2.;
for j = 1:3
  ufixed(3:4,j) =[e0(1,j),e0(3,j)/2;e0(3,j)/2,e0(2,j)]*[nelx;0];
  ufixed(7:8,j) = [e0(1,j),e0(3,j)/2;e0(3,j)/2,e0(2,j)]*[0;nely*cc];
  ufixed(5:6,j) = ufixed(3:4,j)+ufixed(7:8,j);
end
wfixed = [repmat(ufixed(3:4,:),nely-1,1); repmat(ufixed(7:8,:),nelx-1,1)];
%% INITIALIZE ITERATION
qe = cell(3,3);
Q = zeros(3,3);
dQ = cell(3,3);
x = repmat(volfrac,nely,nelx);
for i = 1:nelx
  for j = 1:nely
    
    if sqrt((i-0.5)^2+(j-0.5)^2) < min(nelx,nely)/10.
      x(j,i) = volfrac/2;
    end
    
    if sqrt((i-nelx-0.5)^2+(j-nely-0.5)^2) < min(nelx,nely)/10.
      x(j,i) = volfrac/2;
    end
    
    if sqrt((i-0.5)^2+(j-nely-0.5)^2) < min(nelx,nely)/10.
      x(j,i) = volfrac/2;
    end
    
    if sqrt((i-nelx-0.5)^2+(j-0.5)^2) < min(nelx,nely)/10.
      x(j,i) = volfrac/2;
    end
    
  end
end
xPhys = x;
change = 1;
loop = 0;
%% START ITERATION
while (change > 0.01)
  loop = loop+1;
  %% FE-ANALYSIS
  sK = reshape(KE(:)*(Emin+xPhys(:)'.^penal*(E0-Emin)),64*nelx*nely,1);
  K = sparse(iK,jK,sK); K = (K+K')/2;
  Kr = [K(d2,d2), K(d2,d3)+K(d2,d4); K(d3,d2)+K(d4,d2), K(d3,d3)+K(d4,d3)+K(d3,d4)+K(d4,d4)];
  U(d1,:) = ufixed;
  U([d2,d3],:) = Kr\(-[K(d2,d1); K(d3,d1)+K(d4,d1)]*ufixed-[K(d2,d4); K(d3,d4)+K(d4,d4)]*wfixed);
  U(d4,:) = U(d3,:)+wfixed;
  %% OBJECTIVE FUNCTION AND SENSITIVITY ANALYSIS
  for i = 1:3
    for j = 1:3
      U1 = U(:,i); U2 = U(:,j);
      qe{i,j} = reshape(sum((U1(edofMat)*KE).*U2(edofMat),2),nely,nelx)/(nelx*nely);
      Q(i,j) = sum(sum((Emin+xPhys.^penal*(E0-Emin)).*qe{i,j}));
      dQ{i,j} =  penal*(E0-Emin)*xPhys.^(penal-1).*qe{i,j};
    end
  end
  c = - bulk_m*(Q(1,1)+Q(2,2)+Q(1,2)+Q(2,1)) - shear_m*(Q(3,3));
  dc = - bulk_m*(dQ{1,1}+dQ{2,2}+dQ{1,2}+dQ{2,1}) - shear_m*(dQ{3,3});
  
  
  
  %c = -Q(3,3);
  %dc = -dQ{3,3};
  

  
  %% FILTERING/MODIFICATION OF SENSITIVITIES
  if ft == 1
    dc(:) = H*(x(:).*dc(:))./Hs./max(1e-3,x(:));
  elseif ft == 2
    dc(:) = H*(dc(:)./Hs);
    dv(:) = H*(dv(:)./Hs);
  end
  %% OPTIMALITY CRITERIA UPDATE OF DESIGN VARIABLES AND PHYSICAL DENSITIES
  l1 = 0; l2 = 1e9; move = 0.2;
  while (l2-l1 > 1e-9)
    lmid = 0.5*(l2+l1);
    xnew = max(0,max(x-move,min(1,min(x+move,x.*sqrt(-dc./dv/lmid)))));
    if ft == 1
      xPhys = xnew;
    elseif ft == 2
      xPhys(:) = (H*xnew(:))./Hs;
    end
    if mean(xPhys(:)) > volfrac, l1 = lmid; else l2 = lmid; end
  end
  change = max(abs(xnew(:)-x(:)));
  x = xnew;
  %% PRINT RESULTS
  bulk = (Q(1,1)+Q(2,2)+Q(1,2)+Q(2,1)) / 0.833;
  shear = Q(3,3)/0.385;
  fprintf(' It.:%5i BULK_M:%11.4f SHEAR_M:%11.4f BULK:%11.4f SHEAR:%11.4f Vol.:%7.3f ch.:%7.3f\n',loop, bulk_m, shear_m, bulk, shear, mean(xPhys(:)),change);
 
  %% PLOT DENSITIES ON PARALLELOGRAM
  
  xPhys(1,1) = 0.25;
  xPhys(nelx,1) = 0.5;
  xPhys(nelx,nely) = 0.75;
  xPhys(1,nely) = 1.;
  
  
  
  
  xPar = 0.05*ones( int16(3.*nelx/2.), nely);
  for i = 1:nelx
    for j = 1:nely
        xPar(int16(i+0.5*j), int16(nely+1-j*(3^0.5/2))) = xPhys(i,j);
    end
  end  
  colormap(gray); imagesc(1-xPar'); caxis([0 1]); axis equal; axis off; drawnow;
end
print(['topologies/square_cell/top_N_' num2str(nelx) '_volfrac_' num2str(volfrac) '_penal_' num2str(penal) '_rmin_' num2str(rmin) '_ft_' num2str(ft) ],'-dpng');